01234
0123
01243
0124
012
01324
0132
01342
0134
013
01423
0142
01432
0143
014
01
02134
0213
02143
0214
021
02314
0231
02341
0234
023
02413
0241
02431
0243
024
02
03124
0312
03142
0314
031
03214
0321
03241
0324
032
03412
0341
03421
0342
034
03
04123
0412
04132
0413
041
04213
0421
04231
0423
042
04312
0431
04321
0432
043
04
0
10234
1023
10243
1024
102
10324
1032
10342
1034
103
10423
1042
10432
1043
104
10
12034
1203
12043
1204
120
12304
1230
12340
1234
123
12403
1240
12430
1243
124
12
13024
1302
13042
1304
130
13204
1320
13240
1324
132
13402
1340
13420
1342
134
13
14023
1402
14032
1403
140
14203
1420
14230
1423
142
14302
1430
14320
1432
143
14
1
20134
2013
20143
2014
201
20314
2031
20341
2034
203
20413
2041
20431
2043
204
20
21034
2103
21043
2104
210
21304
2130
21340
2134
213
21403
2140
21430
2143
214
21
23014
2301
23041
2304
230
23104
2310
23140
2314
231
23401
2340
23410
2341
234
23
24013
2401
24031
2403
240
24103
2410
24130
2413
241
24301
2430
24310
2431
243
24
2
30124
3012
30142
3014
301
30214
3021
30241
3024
302
30412
3041
30421
3042
304
30
31024
3102
31042
3104
310
31204
3120
31240
3124
312
31402
3140
31420
3142
314
31
32014
3201
32041
3204
320
32104
3210
32140
3214
321
32401
3240
32410
3241
324
32
34012
3401
34021
3402
340
34102
3410
34120
3412
341
34201
3420
34210
3421
342
34
3
40123
4012
40132
4013
401
40213
4021
40231
4023
402
40312
4031
40321
4032
403
40
41023
4102
41032
4103
410
41203
4120
41230
4123
412
41302
4130
41320
4132
413
41
42013
4201
42031
4203
420
42103
4210
42130
4213
421
42301
4230
42310
4231
423
42
43012
4301
43021
4302
430
43102
4310
43120
4312
431
43201
4320
43210
4321
432
43
4
